$ANSIBLE_VAULT;1.1;AES256
35373461626164646666623539646564373533666637643763366662363234356632623365346439
6463333236376463393939656365643964636361663434390a393462313862313565376361376565
31373738366231326363353038383236383739613339326232316263363633633531653438306332
3234333133393235380a393538656331643363613833323265363737383139346233626535393036
66383732663132316338333838353066303033303536313736643233313739346330363435356662
32666638646161653634613162313166633130356137353830393536613437383765636335363065
30653731393535376634316462313733626239633834326532376237383562613733393233376633
38373864393861373063386462633735633663633434666434656431323737633839643037643837
36303564303662636430336131383236356533373330303365353561633731346563663532366136
37643234666632376362643663303339346365376664636531323966633239323164326464383435
31633439633739613239343461346331613937616665373938326462333632313464323463366666
34313132363439653731313831653038616132663163316261646337343665616638613063623561
34373661383064666662326437333964303066656566393732326232656637333531613265373366
30343137393239663334373033336238646138303932353734346236316130346238643235313864
62303335316532636530663466396261613535333538613732356236646336343733613532356138
61313635316136363130316464376131343338636636636634616236643938323636356134346232
33626133313864313730373933393534353066376164623064646334666566376564636539653939
38316130333938653962663965353936356335643364623461663631303933643766656334376632
34613463303431653730623431326637373335346337303537326636643762373838666434353266
65656138373439336532616564373837306263393639326230323061366135643131613565376238
64346233343962346535383835306239623135666537373435373039653966623538623265326666
65313637333636643039323535313464396538633439306430616466386339653964393537336431
31383439363039383138633238643463373936323838393233323433636565393831363364626230
30623234356436396132396466303662386435373233663730643939623066386234356439666439
33373331383630386438626335623730623261336363626665363233363239373061646331303736
34623737333734363338376131373432306435393338303636336666363535636363393262306638
63306664353032343662636639663633383763643366366132636432346161356137656230626463
61613534313662396339326138333639303031616635306130313830626331306263663230633837
30353237393632643734623337343438646430323137353137333039363833396662633536623262
35336565386663383164356265333333613135616531373337363361343533653834323362363365
63333030393266373932373464613339356334393037306234343563646166333235343331376239
33326662303237363461396439643233333861313538626464636335633233613663386136386365
63373633303661393162336539306630326335663566303336613463653461393439306636363033
66646237306135313330653734346136663234333131393938333430633437346163353065336335
62343436346234366362316366636662303061386530623437363238643031333030316537393338
31623037626134353332626532333361663136616635353033363339303837626465636334373937
33616466383837313465373665336433653364366539316165626266653065386162346235643639
61636565346566356133653462353631343163666163666434393766643163393137633339393661
66353562613834336336366231303262303366383333613464626536393930386463393662386337
65323565643839623763633439356463643134396561393335313461613637633738623362373963
64653664333933653432386230363039666565643331333662656662366532356363393563326138
62303732613437366361343633643664313736616330303033316161663035326162373332366135
35366230363439626565313531353532623035363565313265333238666565653538396630343365
34396631333034316166626438623032383237333633366563366139346531326263336534633763
64373434393639316434303131383631343934626537666137323363303234633664656332626631
33346162613663386461326562646263326166326431616439376663353561613336323037353832
30373365613265313861626631616235383032373966333865333636326334626330663764616430
66396565613863336263666562643965663864633334373434346331656434303734643532393563
30366134636135393830393265356435633734616262393132363864643430303262653039356134
64373864393030386134633930343666333461373963353261396137643563613739653039613534
39656130633064666566383331316233333266656333346166346533666435366336383535336630
33386264316633663433373139396136343435373464356135336562366436336233326238333731
35623838316433663233363937616163633566626336306536373131303234623963643063613066
64333366356239613839306630323530376435396536623437346634643334646534656538636138
62346637366337386634356162393465666535626630623931666639613634613966363230653938
37366564353731376135613965396564613238313261626162333635653762383864623236633634
62363531363139323336373731633038343739376631396539663365346133336431393838363338
64663736396162393337346665306263373961643961383131623739356134303339353265646131
39313339353433363734353532643532373362386532663130633133656634623131303865663034
65343734386137613136626564616164666632396238373138343034366235636138356535393938
63356139386234303834326532626436333533336364363463373136663563623866663563393961
63323535626134623038343337343332656263623762376639656632636564613534373366313736
30356538393236633533616363623266336335353330646661666630633135643935343266623633
66656539663264363239363231633664316439363330646264373666373931366663356537353633
63653663376533386239623336396430313339343035656635363265623662363464363936623338
35343038393230336265356633363835346462643837666461313235626436653564663434396139
63663162666264366534383036383436613963643664656135643366613737653236386238663265
38343131356633396637306130323564373432303365626236356637383761343935353236623662
37396337646361303361323437636232306661313362663635316462316231333432336565356366
65353864343837346639313437353131316338376465313032313933343965666635303531366239
30353565323763363033396635626636393732323532306437636237393737373562346436663766
37336536376266643632643132666231353231613637623161643530666662393838313037623662
32613062353266316665646432323566643866306661393232376231396466643438343636663461
38653565613932616237303639316265653431666333623932636434646661626533333537376532
31303666616439313561313962363639393033356463653164323333646161636239346432636531
33346234373663323665613533323233343939323262346636376130383833643364663439346566
65656430353934353638393037336335343962353736393465613261313438626130633733353531
63643834343733626662396666666330343532313562303263376537326538303666623032313535
64383462316435303930656330346637356234616261353530386266316435326230323739376439
30646233343739393930353163623533646461626465313638366463666465633463363465616432
31306338393034383965386465323936343836303532376239653838616564316133336362633064
30346139326666613366363135666432316534333236346565363939663339316566326266666534
34323632393734623839663034376333333530666431386632646661336231366666633961313138
35663535303337336238363265393239626361396663613564346232346538373264313664343238
63643137643231636665323430623364643435323239613935613966353339316538326638376633
62323434373231303338653461636332323466333434386266306631656333343032636531323762
65653236336234656334323666363937636636333061623536656235613261373434643436653564
65313030656139626664
