$ANSIBLE_VAULT;1.1;AES256
32303830373137633461313736356538663034373739336337393438306637623637333530343033
6135666434623161363933356433336561653438623637390a353762356463623764356433356530
33646463323265323038336134356663333238333537343562313263363434633863336136343664
3236663331636337650a393737396263333762663961633561373866636333333064616264373762
66376532383536323633326433643839623239356661643134626564306435633937353336646335
62393538613430616265306363663862383833646438383863306232663330663731353931313464
36633166326637626238323630306234343962306335636133623730323930613161396434653730
30303834653531643965306233353837376535373732646330356335383532623264656661646631
65356439343538383036633039383934663439643530306132646536363031383561633130326635
38653830643164363032653666643834313835633238353032393465626539353265623031623265
65636230643564346236613430376431653232343361303461336630303265616435303663373432
37333731376361393832336134323039343834373537363432623038366430643933653532383235
39623465336232323263386133623738656261326663333938336439643332353761653364383765
31666162636130346234303337386137343961633237363837326537643762393565366466633562
31376239653934313765313461313639643733343635373039323731623935363937643734323964
34653635656536656262633534396664663964353039333261623438383930303537323362366639
65373362366234336438353032393163303937663637383035363036363733373939643533303530
38323731326639643533643939353436323662373132316335323666656262626565383464653234
34393939376663363138373530653032366365333736373264616263636134623365336263303635
65613463653865363335616562366333343061666135316136626166353761323664316138336362
33663865663532626133613437353163346164333565386232396536303166393436373830383830
63373765303533643136306132363363623432393463396439613932326365336634656462303366
36643665346466653237623138326462643061613539393161373039613931613936653631653333
63323936666164353764363535363730643736323862633035363237633938613835363039656132
34323264386336313963363632636363613033623832356138333363306663396434386234643863
31356263623264303533346166376631326464333965653337323537653336666632636236633664
30306539616663623131373334666135623262383131626566613962663134343663386636653031
34633538636461363261656630303665313765393938643336323736613836343061383463323538
39366465393037643838333834303866303830366430373637636161633366383931366661376465
62663232653463383966643461633034626362663665396464333962323232356531626231623537
63363539346363366134386231633166396434643162646232363230376535666636623932353265
30663837346532663836646661396266663533376337616261313938396539616666393861346639
62396366313430326561653036306237313838393238313639636437653463393233316262343932
35616563303539353936393732313964386638303538616133343166346361393037396136303466
32376537663839303233653064346339366463623731313133663565656536646463343262666164
33323131356337653365336232386565383561346664636364383863306432636162646465333533
32363538353734656265333865346165663831343365383232646130633931316434626266323930
62316534363361353937396262653132656366663862623332316337343039326635613231376337
39346635383538366466373065393164373931353332313364643833303736616238306330643437
37313234316336623638623466643931346465666134323536653263666134313630336232373262
33303539366530386634366465343339656634663330643963656162396362613239616638643533
62646636353438653961353330363761643731666539656530636136613135623035346263623564
66303364643363353266646133323564393361633734376530626238383035303564626464663334
64653432313665623338373334386532353838333836306134356436343966626263326564303733
32666366323431373531666365623033383033613638363963633235313536323664626633323733
61616237303036343831363238363832393961623665643531373437383063313238363738383835
62303233366436333834356631643661623532383436313436323766366639303031346266653461
30303339356236653863326132303462663231313337386132363865316362373539356435386462
66663232613836333131363463363830633539316263353166323565323762336437333332646565
35383033393837653464303035386232636461653461303464626465343330633064643739613664
38306561626266646262663335316465326166656537616462363066366132363333643530626438
61643239633961633232343337343431633563333663343766613533613634636464353666653332
36633837393365663831313631366463613534643139613865383634353831643837303935396534
33643633386236306136643831333530373361386264356132306263343865363562343262653264
34346133633936376638646434636235643638636339313465636161663739366564336531303130
66303231616636646230326537643039363761313333306464323438373133353431626430653265
34386336323365643861643264383631343262653336373635376233383136626531306336323563
34306137633931323535633530633865383034663562383137666231316364386139323537623164
35616264393966663162613937366534353564333563393736633332363439363563313735366565
39643266363034303636346562363030656236326334613835653461383336363331623065636363
31383939313936373163313839313531303363303537663538326530346633323134363364323063
37313733366439616166343763656131323331653665323530346430343163353631376234373236
39656136353061633038346636383837383131616438373661343266376431646163376334343064
36326434343565393231666531353935643566653739363163656237643964373637663461363339
37343465633361663165313662636261336664333666613033303235303535333566646436623665
33303933376438646131383439653662313265633436306432316363353733396263333463323762
34393566376534333964663637323036363433303763396234653264383366366661376663626264
37346636363236656630613566356630643237373265656632353534656533356139376432666163
37613166643262303764313136383162373132623030366234336334626662626637316630313663
66396465393936623137343739343263623737373764316237323634316337373333363365666661
37326430663562303935626238303864316165376564393038363761353034616532623032313437
66386432393935353964303564323131613035363130316138653834653234313236353664616361
65623935353039346237386330306633386264636561633464386261366138303565353130376362
66613337346361303332343865333065303562343832373739656263636634323732353538353639
65613534386464373362613930383561646431336466343634643864356330373061353734623132
32646537626138623037356630666433616439353933616635643565303533366666353732383638
66626530366563333930636361326637643230383561613739636230653035656632626465346362
39346264353634626133353565633664323432613539356636326136346433656135643432396130
30363933336566373238343930636634643434373337343931353637346564346539373434663832
65616364623433373133353763323738633034363666613166623436366661656164336262323935
39666163383134316530333164333439336336646662393164633337636236326463623035353063
63333965363933333739653736616465326431663766326262626531373535396339663738333231
35303062616665373838323033343134643165633930353862386633623834656532356665343065
65313934613538633435383735303065633331313137313931356566663166366263373634626665
66623361396162656363396566633631396165636365666466336535653261623561376263396563
36363263666266323630306331646334353863336132333733626333373837316163653136306534
62653664666337323330636237363766333432646639393262356331313039636231633834393064
62373930303930316261383635386166313634313033633065306664663366306466353166303739
65646562343262663833333362623839646537646461363439373463376233656330343035353634
65393638323664343132383035626464633136303465626137303063653933656539373464623234
64643734643763653333613131633666336135323931366536623234623138623431326533363065
39386561356639383739663736353261316134663436613639653838366136633834626430343662
33396363666236386565343532656132613538613161663336393531653331353033323330643230
38333265386537346130363936333438346434653736643862343166613763383365663933633332
38316337326137636432383238326261333436626233646338373938623832336363383238636666
36333330326633353230616230376231636131353364623337386236376638383661623031383264
32656333313732343966313937373466333666396666396566376335666163663535633163666431
34643761626465303538393338626165313635613065613933663734623932646365303136643639
65306634393430643738303332306533626433316335643964653439323437646462626630656266
64636534653130303835616264386638336535373730663836623464333531313763383132333336
64336265356137313464616134363830656130663336323639613937613432613864333862646264
37623337383632366461353661323430303930383366633731356231616234383934373066393366
63646134633839363334623034343139663639303866653338323135353664303735633965383631
38663061316433653239393830383363376361353739653634333634336436373265373733376164
63333439363837313561383139376430366635336533616466326134363264396634313262313839
66646434373435343531396435313631373263333738363463396566343336316632386137633332
62656265323265306334363563306439393730656438613264643431306130393436393061336462
62336164656664643738653836613564656533303330646138303731623962623362323232633233
62636234376334316362353830663263346664613830323135346332386535393363353561323630
34323164393434623363303537646564356538306564643166366133386566646332393832333430
37386662643235653936653639373161336235656230343065333339623662333764306166633031
61343536346566643830396166343937343564653435373661616337656137303636333839643935
36633931326537353130343736656634303839626631356564373865383137353964383637343462
33326330613730353266623565623033663339653937353835386462643238633834343338653235
39326539323062373830326535336135353830353636616566386237633564333434333232366339
36373463643165666137356134653536613936656466663334643333633963396366383537333166
39326238643965396431643233393737396534353739646438353232353335306534303164666661
63626163633637623530343034626638376631313064636634393162646636343633336630303537
62363830653335333234663435616665363264653838343037363864623438663764633761356366
37393461336639383432663631386635313335353133353730326234353136366336323231383865
33333764663932393731333332616434646539323664363036336662663834313434613162373331
35393864346132333339333961333136376332663533353366333066623231626131393039383332
32353939623333323035636239663962356264326336323737636262613130376366376231663566
32333233306364386363303337613463353930316330326531643235393564333533616663356536
37623939363665643238313364316563396166663366303730663331323930653831393064623463
63343666666561313038613838316532316535616661386637303739326635633238343431386435
61303834343864336632646166663230623465343435303734353535643637633361376537633862
64336533646439303735316235346139663364326238656332666565613334363536343466333338
34636361346237376166333238663538326665396463396333616530636461623838303561656332
62656537313333616663303264643339353432613733646163623462626335333838363836633832
64386464636230613430353432343931646636303733336633386136363236343565363835626265
66356438373739323537396236666135306235346132336439336238353831636236643032353032
35306139376536626262333332303130626638646332386236616531386563663430666537363830
63383463643332393035663962373437333036633935633961623534303535663863633361373539
61373438343830653530316133616563323463313866646632336238366136366566313661663435
64326666626362653264623334663735323932376361393639346333643965373866343063626134
61343633333632353061386134393938396432353237663265643565643134383138346165633162
30393331373237376565316663643566633966326237376234396261363435333336633639313362
37313234383463383964373364373030323265366433326439306432303736323461616634326639
37376466633364666331663065643233386239613533633338393737363862656461366665373433
39393730663966366337656235343834383139333633653333353165366137376438663731623232
31383131353030343835663131333534363335366631653032376434326132643932613261323938
39353062663439393034383335356465663837656637313963636436316436333464363535353937
36333364313232326135313332666530626236613662316530613962383066376531633838386231
62383061313663366130303539373831376364636461343762643665646538343664643736373265
61636466326463316534656332666330323763373063393032626635366339353961306138353833
30393833656561313136313534343561336366373434386230306637663865343234643337386137
39653938303735363435653236386263393631623264326231373065353366366233386433386262
31363436643238336265393431323339343265396232396132616261353139616463383061353336
31386230303133383131396336313263376666616634653138353833613561666666396364663630
65376639653937353335353063353962316539386433386130383062663531323231633730373561
66623366306233323765363862383536386632666561646465633132633464643665303037636333
31343031623964666433303035656663663539323439336339363565626130396234353465663862
36636433653432386236383963633439636138366339323433356262636330363633626265343732
63373962613435323938393136386132363566643431346630396439636130653736333534353466
66633237666234373963616666623533353163653338643731666136616135386138393536633237
61326338646236303437373263373132363637613063326136333833386233313134393365356236
66616365393334393866323239646136616430366238306362353638623430366664303839333533
39656339643135363064306365353931316163643665323832373832316233336366353164323632
33356434366566386130386564333533633061343035366337666335373964643061383835366565
38363637346432396132633032323132643465323031623331373666663465303637363737313636
31316434636337353630623037326565366163643638343561373237353833343137646133613963
30303933396263366634333132623934306633383837623231316238626461646561376434623061
31383336613633323833333234326466393366643065656166633134303036393566633634376662
34343734346166333038626333626331336339386137326233353165326431653533653538613632
66363234633536643765383064366164373836323965363239346264343133346162623533646334
31653064613661303439366265633062663432396364316663326438316236336232363064393037
35383062386431666536386636306237363631366333376561343364373664386638393637626164
34633263333836623233376330303935643231666236663933656135323164626364393937653431
34343137383261616465316632306538323430623764336665393732653863663038636264633833
36613832303462663130363065636562326535616230346431383434623431616333333234623135
36633933623037333764313833383365636661353366376630373263336234393039366535323835
65353163633831373766636633393036663139393862363935613365616538643538656337356334
62636336656666666533613735313566326338643339623365646434373736363135363538386634
30623463386631613161636664376563353939343430613431353836653136353832326232613231
64333636353330646132346564616664376164373461636266303733623233313137623937393361
61333437613537363665663337383136666134363837386538306238303730663361333838633966
38333230623936373536383439653364323266313334663866623937383464373530323835653265
30383362393063386631333832366662343437373464633734623433336365363438383438616566
64323861666236616535656464633234633662393837313431393064353839656533383237373830
66343330653538336262353734613037356338316263373732376139653730633161393962663437
35343035666132666430363139303034643436383861346263383335373163353331626539346366
66363231623435323134336566393234306332393365356136613533663931623064316630373062
66376463326565653031626361396565383437316532356465663066646165643835666163383864
63613336303463353437363538643564666431383630636434306531366632636234383963626632
65396639643562653030353135326436336266653466306165303032616537353939373966323965
36386636353463346334343535396265313130643538346331646532633530633263366263646538
62663663663039316566376265616431303331633565616530363635656661326162313162613163
36663135303634366634363838363036316637643962643232396636336663623333326262373034
32633665306239323137373933636163303235383063383237383766373965613563313666326235
38383839356166343836643361306566393763623964666165373733356563393839343161316163
32663331383262376436363365643037346637363763646461646232623264333736326239333166
32313130333432633761393735363338373738346131396561656364343363323939353539623666
37356264386661383435306533613465343061306465616466386363366435653934633235313936
33366162383633336566656334636664623865323665643933363333643963323039393234346332
32663864356466636264356162313363306665386235336234393135323937323464336561666133
35373561616236636234633035343039653536306330633138316234623831376566633463636665
65303533653534386137613530336330356636633462613361626163326139383932323361613933
31306164663164623636613763653735643933393064643537356139383231343566616638386365
36366232353538326333336439363266366663343262353731326536306138613364613731663136
33613563306364323264336335323536656264343864356163326437393539323135353439373539
36623639646235363639663263653364353865396236616435303362653961383837613830623633
63326166323239353333613163313962633935353336316463303837613266386364613163626663
30346335346664303839653061333262613335623962353063303862616162353034616564303332
66646561333739376330396233323231643132393963626334656561356166333934306461363166
64326333373036643266323862613661323436366462646261633039633464656237303839373561
34363535623763373933373831373536396237336233336661363662393335623962646539653033
65333634616264333534613733656339303039366439313561336237303166383863653633363635
62356466303132393864383764396436303037376432333165613664623632326439616432363534
62393234616435383939636462663865656265373365613465363035306331386335633238613961
62353932653030666535333966373864383464353136623738616663623762613764623166393365
30343362633164666461363336356364666539653966343139616135646637653233343461613137
38323939656337333561663165346337626566336163363335373263383461323731336130653630
31343962363737656665333538396535363134343730373261326165666262396235323634313934
37336265633762393133323232333432346333383436333337303161323139333632383034633739
63303764313433363537653966313966396562616231383561346538626663323463653238623939
6162